2129
25805
30176
28830
22266
28400
14803
7184
10311
9857
129764
115364
41807
18039
30296
12061
8457
30693
6073
47912
9077
18990
34216
7429
14334
208766
41475
21734
12565
17350
14381
12028
62171
3484
92650
14603
10016
35835
19405
10685
651
1063
2566
2664
3085
3179
2232
1546
5872
5956
3902
4652
4644
2735
3089
3536
8881
2933
3697
8524
12055
6258
5275
36190
21898
4797
18266
1140
9147
6418
4084
5234
851
858
13634
14986
21400
3847
3578
51213
2744
2811
11766
13512
8386
11547
15066
7567
6571
7741
14423
6757
8017
4426
13315
21247
9777
12362
11784
4886
7903
3338
2769
7263
4983
7275
8702
8637
3335
5672
7165
7888
3096
5454
5194
9920
772
3357
1673
5193
324
181
209
186
114
95
154
96
96
96
112
425
166
357
206
383
279
288
94
176
500
375
1358
204
233
289
168
127
116
993
821
554
258
180
195
156
700
623
1094
740
1449
1977
4322
793
1456
6951
595
712
1607
1570
9129
1062
2765
9041
3921
2792
602
6178
1174
2078
2146
4234
22798
2280
491
5229
2176
17764
3850
1065
3797
738
1155
1689
1338
2147
10040
3938
6929
1236
158
373
390
2236
800
715
670
3605
852
5651
2084
7644
4148
1138
4354
3521
4279
1178
1655
11333
5909
253
6809
45499
1631
3020
15231
4860
2042
2120
1434
1037
1181
1109
1024
1121
1390
1257
1296
1767
3032
524
1133
1791
2404
742
1944
2289
2868
4993
6183
3192
2618
20482
1038
6883
2554
8767
2491
1028
4131
577
10062
315
10433
1112
6047
5735
3126
246
408
1710
2938
320
3719
3496
8312
179
3450
519
8449
7058
951
2359
903
1446
1408
7971
1642
1597
3936
722
7135
711
879
694
8781
1398
3773
696
633
991
12805
363
5268
684
3565
3081
6895
2571
2575
2158
1554
272
2224
2238
358
311
353
94
2295
3297
3509
2476
4193
4634
3060
4261
4112
2145
3693
4400
3496
1608
2595
3174
4741
7986
9557
6863
7327
5771
8294
6340
1654
12991
2995
930
7585
2827
9757
5024
5708
4801
7429
5632
5356
6663
587
5972
483
5900
5044
2497
4432
5111
146
697
1033
755
3488
4038
3739
888
1658
8647
10199
7651
905
1711
40209
2419
414
3081
408
616
1277
4386
6770
1570
1844
3182
2865
380
1289
2351
661
894
25906
381
825
145
6433
40002
8820
9211
3441
3118
3018
6883
14289
830
6374
1492
41253
8896
5168
1269
1698
1630
1196
6289
16562
542
4696
5528
1022
3414
3428
5805
2127
13069
8868
5274
13489
3204
5970
5976
4232
4510
378
7090
5268
1314
1733
5442
58166
1483
1489
492
4462
1164
7560
10481
3477
2279
5150
2001
2125
7421
9541
21957
6653
5995
978
10133
8129
4102
160
10916
702
1142
6283
1085
4258
1641
12299
1167
2646
590
704
262
1611
684
1761
816
1262
1462
1409
611
447
907
1565
3963
1593
2190
823
6075
3239
1820
1379
2183
2948
4136
2228
264
4815
3517
1834
3554
7211
1400
526
2234
7975
2797
2408
5803
839
639
23256
9392
4889
1776
2232
2909
3471
3158
9042
3860
2722
1612
5329
5611
480
1271
324
1368
2123
1301
1827
2038
215
1361
2582
5160
2770
1684
2222
1353
2854
1617
3111
1674
1183
3272
3757
2927
1141
2858
3158
4831
2374
1809
3512
4560
610
882
1794
1144
987
1008
1432
1825
3770
1096
2731
524
350
886
552
1470
960
852
2052
447
9131
3762
1413
1000
1527
2132
1242
1243
2099
754
1087
441
1995
1938
544
1224
1748
385
1014
1457
616
4947
10191
1942
2871
4373
15597
3698
8179
3112
4056
5071
5914
4950
4582
2836
5595
2066
7071
1001
7816
17097
4502
6903
4644
3481
5981
8291
1021
4175
9234
9577
920
5293
3543
2656
3084
4179
6146
8877
7293
1835
1849
10669
2569
3301
1960
1995
2414
3157
2040
1257
3635
5071
7452
1683
1469
383
1428
5468
1185
1030
6563
4819
1888
615
815
10893
1144
11316
2688
10214
6495
13196
5848
8865
3526
7547
746
533
1226
5787
616
10863
1071
111
394
228
207
1323
86
74
170
211
522
73
431
519
808
336
429
2047
2257
385
4270
5291
575
456
672
792
1057
347
572
256
730
1069
459
439
2247
343
642
3785
267
500
2247
606
4690
1543
1626
186
1957
5499
5599
1458
5161
1736
611
477
240
1007
580
1446
3127
958
2101
1988
1192
2664
9481
3166
3259
3061
4810
583
3198
3645
2930
1972
641
1667
667
3799
3268
14349
2725
4000
1445
606
240
921
120
3226
6887
691
256
3955
1948
2225
1842
4835
831
1561
1080
500
4964
3685
2246
1123
723
1830
1142
1427
1408
973
839
1059
825
1067
1106
579
863
1426
473
1004
588
557
1037
1751
1438
1298
482
1474
1587
1224
1155
5725
558
652
1702
3035
667
4396
14721
10291
11432
2305
1698
3059
6552
2175
1182
1464
2430
2082
7456
1063
6795
6015
8576
18448
3072
3553
3827
2879
5037
4347
2823
5998
3556
3360
1503
775
3945
3009
2528
2787
1389
1367
900
3505
725
1443
1760
292
2835
2546
6043
4029
415
2910
1282
224
197
6424
212
210
277
165
136
227
43
48
1899
3021
2267
748
386
395
197
367
191
392
359
2386
833
1037
4694
372
1044
685
473
571
601
1567
598
9224
2928
1822
2190
799
103
1563
3647
1754
2858
1672
635
5977
1156
6978
6604
1579
291
175
289
413
1212
699
334
497
2650
969
2109
2809
2124
606
1453
752
639
2347
1383
1186
467
593
306
1107
506
2596
2247
695
2396
1992
1515
265
1022
3355
418
422
1557
494
511
3302
9629
3058
3683
8541
3954
6152
9510
3431
2503
6493
10225
1943
451
5173
6432
2871
645
505
3490
5681
2678
230
273
505
244
58
503
138
106
64
397
91
306
111
424
363
1115
131
136
174
676
819
2181
1267
767
979
2774
2889
823
1944
3069
2491
1431
1976
2487
5808
2077
1808
2583
2937
2992
5064
1439
939
3986
1614
3911
2060
3970
6608
5497
1534
2520
2068
1239
2528
818
12082
3777
3713
28
487
325
989
1689
792
1367
3169
2942
268
196
151
451
298
912
1250
284
248
278
815
1922
668
486
516
412
674
583
1364
1121
378
3211
318
1897
754
3047
478
113
626
681
710
668
411
257
383
692
4824
1748
1421
3331
622
1004
2303
966
6556
540
692
852
1139
3513
2660
3018
608
1693
2170
6062
423
1956
1228
1609
1016
8998
3412
1966
5615
3089
3212
972
5244
893
3374
6351
11426
13058
3248
5736
1044
2771
2608
8078
4648
4409
5042
2039
173
11953
186
6607
294
15479
9277
213
2879
15550
906
2345
64
1474
366
413
1409
357
331
56
914
1049
248
400
135
124
51
499
965
2390
1076
952
1626
1466
938
848
922
1254
1031
1563
1611
1104
2380
1579
2381
1965
1184
3347
842
9047
6449
2225
3823
1352
899
7395
1779
1914
1006
870
737
5992
804
1316
3371
4239
894
4191
6011
3366
5422
10402
4407
1275
1213
1754
29964
3505
126804
81180
10090
2061
3513
2501
344
6154
6994
89747
2346
2763
6030
5109
2610
173
6241
4850
2234
380
577
1410
1172
5820
1581
870
3013
192
30
2198
5169
1821
1625
182
1125
213
2996
309
1016
765
510
696
404
390
169
121
1764
8654
654
493
539
182
600
478
92
1079
857
599
322
965
156
1090
1255
124
202
384
380
637
425
1505
631
1549
1266
2093
1746
1783
517
106
1341
852
407
6165
315
967
435
1302
602
970
1349
2609
1967
977
445
424
1442
4014
1923
2622
1295
487
673
2998
410
1913
4024
110
263
133
182
340
312
259
503
506
392
2159
889
672
402
372
184
433
419
105
702
4508
1096
98
157
451
386
351
715
262
1085
303
247
336
241
268
247
386
441
454
1174
1361
1819
2189
272
336
5584
5400
1186
4162
2368
8208
1403
3068
2920
1775
7107
1973
1159
1559
334
3873
926
936
3090
961
1477
856
654
1561
3006
746
1235
332
102
2427
350
381
332
1012
321
258
571
256
348
253
263
110
1108
220
179
182
3822
1572
3125
554
1493
514
485
522
874
156
146
1937
709
267
1310
431
317
211
1649
419
197
244
252
1707
191
294
380
607
1431
449
412
194
402
796
314
472
533
367
342
1870
33
152
920
665
431
198
205
591
427
975
299
871
206
308
233
258
136
1228
493
279
166
747
354
176
216
277
1066
510
160
440
171
144
1175
392
393
340
206
315
349
245
793
256
391
220
186
74
154
115
52
201
63
117
61
154
354
69
22
15
22
95
69
55
69
63
37
109
75
57
72
40
50
241
102
174
157
92
62
269
120
195
24
414
252
455
93
1697
349
5392
95
204
760
395
57
1021
1418
47
179
460
62
248
192
360
10681
541
2024
187
781
680
69
873
339
92
41
190
110
171
59
75
73
97
836
581
1814
190
3027
5696
299
437
376
264
149
3181
506
2988
2290
936
443
300
341
786
4129
525
3096
1379
1170
2119
1194
1273
3202
822
3077
1605
1931
2573
330
2061
514
900
652
859
16960
6594
28250
5851
1454
18015
1415
20878
8971
22377
3593
8283
11028
1106
1527
553
96
56
10
656
79
99
134
425
79
56
47
38
35
373
340
372
263
3768
425
282
322
407
347
5802
4516
105
345
163
2129
805
1206
601
430
1352
1422
214
1048
6047
973
3237
160
2214
7094
17118
327
10764
13602
1378
530
5757
42905
4610
2624
9407
12368
3004
4048
5256
62121
18631
11439
1408
644
7876
7738
5225
942
6935
16108
1810
5807
4309
27159
7265
7058
4199
12221
29754
6452
741
4495
23083
5616
38326
9977
27413
1413
1442
10091
292
15408
10862
33978
3989
1186
761
12265
747
541
472
977
480
1498
13666
324
3120
1128
2325
2894
1394
667
4337
973
1353
905
1251
2567
3777
183
502
520
3346
364
1054
165
59
117
532
163
61
232
253
358
79
38
477
1687
148
79
195
834
901
162
182
156
112
174
127
385
259
137
189
132
94
204
171
254
1245
1501
1644
553
840
2259
567
323
4891
11106
857
945
656
250
167
503
4718
467
914
690
1262
2032
2663
662
3757
727
894
820
447
4083
1305
5972
2322
293
1205
199
1305
1067
916
4710
743
693
3086
577
992
668
2
3
2
2
3
227
71
63
52
68
32
236
64
72
96
57
47
54
53
25
53
74
29
202
777
215
1873
1658
550
1451
529
846
1088
394
1051
757
77
239
287
212
524
398
1040
407
1609
362
1117
1213
430
637
369
1488
593
507
943
534
223
469
1158
6999
235
155
428
783
105
1970
4916
752
308
344
144
671
1263
2368
2588
496
583
536
990
598
1455
350
147
458
1425
2736
552
505
1015
1247
494
2924
1722
1759
681
4371
1204
525
859
128
117
243
1141
524
247
137
148
101
318
275
253
582
2511
486
6567
18792
245
3622
4200
6167
1505
13332
8852
11993
466
17551
17385
2246
9008
6638
493
379
3611
411
10550
381
17470
669
238
2464
5630
237
556
2545
184
221
53
279
562
671
425
609
345
497
822
727
89
20
485
286
173
203
156
147
324
819
276
149
271
217
103
149
109
149
7621
257
312
334
502
1034
236
98
170
284
97
2065
1609
2509
13821
760
104
143
104
25481
113
315
3031
2398
571
168
45
22
100
52
38
14790
42
17
25
33
912
12
150
13
10
19
190
26
358
34
82
1084
72
26
7
318
235
937
782
13162
641
3651
14941
2139
14869
930
5311
1133
557
2530
737
1005
1861
185
1144
613
222
559
3538
2293
652
632
1785
2403
904
216
2058
2313
377
624
4641
7765
42
887
1073
601
1319
1292
838
2505
665
994
184
646
491
227
703
619
1871
164
214
1311
323
1156
715
179
290
124
128
1856
326
173
136
342
1203
416
104
111
269
252
480
48
88
111
372
638
966
639
857
347
684
590
236
813
27
1148
227
101
508
1372
972
705
373
263
122
134
711
378
205
1039
119
835
269
487
502
196
1672
88
37
432
120
87
181
338
486
117
203
647
875
397
403
1590
1094
553
52
466
1202
461
424
116
3484
2074
204
33
1183
3713
2751
1710
645
13942
313
7009
2656
5260
8594
9208
17218
8555
7055
2489
4806
4685
3832
306
243
1051
708
331
106
577
559
181
243
1002
378
547
107
915
333
411
2549
1425
906
1360
95
975
1322
186
432
2501
1790
63
155
886
139
22
356
21359
851
3834
1196
313
1123
135
914
1214
127
819
749
1647
1731
1825
688
3775
778
235
2002
1803
321
2986
943
734
626
2993
2360
595
5631
2705
669
1661
445
3198
2052
2599
2161
706
884
1246
1532
2351
2301
3051
2299
2313
694
4279
1391
2745
5061
5424
5349
2439
6276
5691
652
3841
4800
5727
1275
1488
3155
1844
1665
1563
4186
482
1862
2156
538
606
602
3413
1407
2695
1637
1223
807
4359
1230
1956
2645
141
759
3705
147
44
345
428
1223
107
335
2967
445
622
243
1892
273
242
3915
456
926
1508
2311
1592
517
407
171
1311
111
1759
182
515
270
1642
1978
316
982
728
1526
138
254
2706
218
1250
2732
2596
1091
269
719
228
611
212
54
623
288
227
1095
555
177
1321
208
219
291
313
161
46
79
106
164
76
146
1000
33
47
83
58
125
35
29
58
36
25
119
69
682
523
93
833
75
569
44
789
1499
612
36
103
805
189
126
149
146
640
649
918
143
68
410
370
356
1864
357
721
130
755
308
4784
719
272
1744
4593
3404
250
323
553
1284
3671
1925
2546
3111
958
2873
777
4580
4285
7245
7768
1169
1964
468
362
504
643
495
1101
251
396
242
468
437
297
396
817
331
514
479
245
293
271
282
200
173
223
254
371
1069
297
432
1404
331
4855
1242
4245
4112
4778
10644
5150
3976
1037
3557
1265
4909
3348
4964
428
1043
3193
1492
8
11
1
593
399
427
736
2989
595
405
343
773
634
1037
2678
904
1317
3849
645
2194
3322
1087
969
5798
1171
808
3424
525
1470
1900
880
937
1904
1071
1176
549
672
733
284
618
479
3798
509
1311
1431
691
2663
1658
738
232
1071
1991
515
550
408
425
318
338
326
797
2361
188
166
447
317
120
237
195
375
755
147
167
170
19
74
98
50
48
40
12
56
62
66
115
184
352
1078
679
1261
657
997
2606
844
4146
2584
1183
335
586
2027
1390
3303
1373
3970
2335
876
4099
871
10455
8544
1125
1434
851
2207
2297
971
1494
2781
2249
875
1232
679
1575
668
1188
4045
2118
2870
242
187
4145
6173
541
165
5162
1126
2798
263
50
216
318
155
584
2368
618
64
2020
155
259
208
860
68
2032
279
28
73
211
62
38
52
37
21
19
34
23
58
1141
748
431
235
2018
396
1561
10589
2340
4098
548
5067
1942
5684
3279
6205
191
1656
572
11900
68
516
565
2777
747
418
333
668
1131
3158
342
1789
135
5389
20
1139
231
758
546
61
412
783
34
105
73
6174
19
69
137
272
519
978
603
4211
906
41
294
93
48
19
130
56
294
197
377
98
10
4301
14830
3587
11418
6958
3826
383
445
142
13049
3296
3885
1976
262
259
152
99
364
206
366
1436
884
612
760
457
324
185
334
217
2719
396
272
130
406
1328
