1107467742
948573479
843162693
823872487
788908450
113321949
782532204
776734831
730621225
725184661
60917032
612229554
704676520
702543294
678512904
668911204
572484485
544213416
522557780
510186917
484078902
478797222
478790208
412737809
411192040
389464290
378507713
370105959
126517840
356286226
351018410
342110358
322341152
322121215
108566337
313916295
305635421
16586232
292297781
284516654
1080815821
897298159
841184779
805554145
753598298
731126869
680545114
712201830
668052554
151954868
668054871
626428900
611221133
607168302
321807160
333452181
323172161
323038580
321800550
54935582
334936001
322034512
339750053
326436417
322147835
290419550
316693008
296798337
284032104
261202949
276937471
272045498
267067199
264132562
245295031
237725713
227802255
218212897
221275988
212542279
300211578
1013663748
520352050
385480604
320302325
230402884
224319636
215332718
210292607
207648650
203953289
200371184
195626798
187802435
101889950
94385536
99770721
96123661
24872474
48224968
48903108
11865792
209292289
22501736
12583771
21894003
17033332
16109122
17939703
17612171
3267915
11776539
13683631
13613417
12818777
11872281
10138443
11560284
11981300
12989915
1112776136
1105329313
1083009703
1082928538
1082874648
1082662506
1082282202
1082234867
1082188178
1081643868
1067446249
1081093223
1081515566
1067253513
1066720110
1065666031
1054794650
1051259543
1050598707
1047547852
1041284352
1040324273
1024926834
1038881401
1011095967
1024780641
1035496552
1009143197
1008819316
1008238593
1030195658
1017477502
1016282640
1015898138
1015127586
1014314254
1004362188
982522159
963992127
934196956
936910908
912503222
831603644
778987441
759663587
725577493
717107419
716698372
688745226
676723556
560596896
557547292
548866331
485855713
451739970
458048896
458042331
454645480
443100142
450977183
443168164
406620878
392811906
379298634
354824474
307388424
300848718
140751896
270939991
217660921
200612186
175544157
171452246
168837269
164646164
140373496
133622642
132687195
127693420
121139326
1047917257
1043137609
737315263
639908378
565808818
547662018
477647239
487493217
450575320
383830129
410601467
404095237
387415138
395472726
391041906
376959893
360262269
356751292
356722323
347842012
336917490
338396220
320066386
318927435
308803697
307476661
292793937
261556348
252321816
226034200
223108087
222533289
219473703
211310654
217423939
227657131
212304322
213506011
208710981
222655860
1045520001
911405218
748932670
553066201
460234155
446780820
452939180
435211985
431298586
411209386
404865307
381454271
379514104
376358783
368611139
347921228
337809970
334221230
330723092
323739750
322762144
319106281
318973189
316473516
315147947
312821265
294576828
276709760
274516171
266000332
265624155
263153172
263061080
258555401
254278063
190409283
245195282
250672719
248996519
245186070
416469038
412663824
409223708
408324250
400054405
405466317
391914089
397530232
394304587
387977280
391294026
391076164
388982919
387236344
386362892
386059732
378332541
386412256
385022947
383957015
384249908
384192911
383955784
382232249
375017503
377622701
367700078
372463308
370417053
370297108
366580709
366978635
362606547
366468287
361399202
360714117
362532654
362087309
328674785
361736497
1043533074
930594653
782550615
742952342
736498552
715762737
706413906
686673699
669957804
655755326
643359860
631235929
628956806
626877959
622210846
615655658
548738106
490345084
481245260
468383115
468140052
462911474
456213604
448299003
446497100
434938235
413921083
432253110
426674035
422968405
419544236
419321247
418142435
415774095
415377836
414921143
412823478
411998308
411792757
410900863
399999725
400000805
399999897
399999432
1056900792
919210186
1041296429
399997372
1038942901
628920326
839768987
862083370
841183457
946713245
944032224
936028916
922863753
837164612
866577865
858113630
815938308
818857571
829679810
811461543
817237090
805827026
786347374
774357335
734212921
399995573
424799800
400001472
413921145
398279311
399994353
400002492
400002005
400002447
404950182
399327219
919144548
903737144
746326256
332477974
677065493
665719610
600690032
610048115
592804975
587645473
554690423
520664664
508370966
497840006
490214304
476417305
474734122
472075160
470207180
459405854
449853648
441732380
434895986
424906890
419065089
414144958
416021469
415765294
411618237
409723323
408499193
400450137
396828828
392665462
384924640
386694113
381320907
380107125
372228820
373860099
1068210125
552097771
550344697
883967399
659001424
798506899
139025103
632466904
554286713
552436098
528549288
440722392
470366596
377066129
355883425
346253364
58100776
318969461
273304778
182307777
178966496
173918262
168730174
155128646
154890541
154426128
152384832
86359934
134354857
121563965
121748695
119216067
103154312
96794983
90914721
90278685
17205433
88753616
73873278
73087890
718667464
714271433
712150795
669706464
609762265
566749000
548748725
501476937
475388548
455955877
466474342
441202580
455847047
443364015
417670598
433834641
423966157
425439543
421426489
400580581
418911537
414459126
401859388
409165529
408760859
409689134
401853404
406039228
401651122
402008196
400735325
397804026
398273290
394227333
394317938
386740450
387455934
379280963
386426245
386020714
365312570
362101204
360868382
280195994
279203294
279185470
268933200
266358994
245744567
245113928
238403155
238108956
235699230
230537583
229696645
205890624
195027493
173955576
172713209
171712528
169593193
168691186
166906395
166360033
160463819
159104385
155085212
154348171
153683005
144866163
146713088
152064646
148513980
147196893
146070174
146154848
144844186
141131599
138915427
137990869
381240483
277356262
340042024
328989785
326378897
327260033
326073983
325893586
325110592
324813067
323789745
321140125
321817171
321408065
320955955
293161841
318833812
316035580
315616767
315367986
302862361
297519176
294143530
293162681
277602448
287753964
277248433
281241314
279661709
279660753
277531773
271882121
273368873
270916224
270685846
109645393
269510731
266731182
259579864
250590228
114881915
116402497
137763240
98870816
195273144
129251746
204413254
379858812
313801501
289008529
238786691
216168716
212256256
181132079
192224688
189777494
185696165
181394323
173051302
164436417
148333493
144875945
138953510
114178608
488261903
472612568
471688706
468059517
467355112
125775513
274070492
237089647
210713906
203422373
199062695
196048586
195196538
181484000
180816087
179869631
174974217
173169802
171979154
171307849
170353483
170166098
168512204
166434009
164493896
162128723
159329627
156848473
157361625
155688840
153538588
151021752
148492127
146153876
144862275
143068542
141694680
138787028
138101347
137919587
826109594
475068028
487144073
476038270
471406451
443886865
430481206
425587029
411466952
401818799
400438264
398285436
382552540
396336222
393405343
391345290
388928088
385463621
368880740
383355621
382793641
379305841
380769310
375403735
377002974
372425358
199393070
199381892
205196460
68926046
68298180
195733608
101558794
83054532
72607922
69179832
67364476
1054521885
714814661
653954366
549636629
553190786
522533423
510218714
505574329
502596135
497196770
470812443
469908565
448039919
435971538
430384993
429565775
425588797
423614783
422274155
419692825
419377285
416599637
414511191
402238901
411798177
410593889
409216988
409009214
408485734
407214086
406904551
404848009
403825221
403589458
403511293
402109755
401395992
399640272
399373813
397407169
367310969
365254887
360287594
361389467
360307714
238954620
323617778
317993284
276664849
274070991
264931042
261357494
257511715
250856489
245203943
238551751
228282189
222296252
221167076
219541006
218072076
217213207
213687560
213080866
211537574
210337590
208400353
205923503
194242484
203372269
202308324
197999664
196405786
187164759
189267821
188927530
164946231
167201750
164586482
163674879
69507702
103665529
97482070
95895986
80507974
66200566
64652294
63990436
62689184
56710666
55750952
52975172
55418564
54854176
50197636
48320086
46926556
46725262
45884562
43826750
42175918
41348030
41194430
38055930
37295440
36866486
36777322
35241454
32175132
29794492
27863232
27599068
27255704
27086670
26787578
26611932
26491660
25613995
25588575
25427261
238877294
264759806
262986740
251083754
236159275
235797286
199117700
216210918
220847819
204617259
235495001
181458543
170578569
165284258
169518798
149830107
170008810
166226094
158172882
151025381
158105923
146020031
138244326
139625909
119821977
119889912
121673115
125354289
103287071
102460424
72863098
88477004
15054183
72322616
69484356
67498462
65571106
59461844
53584046
50814024
47123910
41206644
32268156
30789632
25838550
24893390
24565978
23666751
21280620
20191423
18372376
17668155
16715614
16190260
16024251
15928250
14654950
13773056
13105817
12401137
11932161
11519825
11147484
11090108
10570014
10353005
10192323
933990159
441846772
814563125
607662509
500366877
468633854
459494408
453767719
450102618
444125359
437417953
436286748
429963754
427851486
424800421
418411033
418015731
417662776
416789633
416201970
415542441
412037223
413019357
391068383
398598213
372143405
397474070
393856366
394192530
390736909
377259216
386412294
379962452
372288279
372012994
370222161
368054880
366477382
362616375
363980080
943701190
781144431
727253136
714093474
386436556
671297902
621735376
596891910
572786704
557496264
537153690
527729443
483231774
471185883
460809712
464973124
449938833
444702643
439966536
436012252
438817877
436530548
433686395
432291907
432081078
419581677
422310482
415613981
412349787
413540004
396369154
400797926
406688293
402548828
399918229
400396160
394674473
397846520
395532508
393459092
398511130
414525035
403237300
401099102
399952304
397059848
392655529
383901564
387868072
387111984
386132008
384834614
383330252
380466832
377591454
343699984
368610192
358374333
352237581
349493799
337287288
320907890
326087592
323240499
323371592
319892721
319031161
302297146
296507312
301566869
298941099
299070169
297501916
294643967
292468052
278582067
273501394
273436877
273042674
272638229
826861005
733675925
703893664
709332749
641169194
698194541
674178007
650711031
654896486
648288447
647121351
622806276
579164357
551597116
546428940
454551837
525710661
517204986
488397838
485928201
485340530
484120842
474617068
471932323
467357045
448152421
446497333
424835058
444841534
410501144
440708980
432011840
427161529
415155395
414730763
412860902
415837171
392995266
413941101
411199002
1023633174
813607967
724017913
694503452
670589436
643720857
622288357
483783722
622016033
607656488
607842123
243728387
600496576
591596782
566203721
546934853
558762069
556080616
552463573
546971503
508528476
537200569
520413921
511173362
500962829
494059500
488293250
475454305
421158683
473627355
468914441
466594627
457791899
443612694
435579283
423158619
427300707
425188343
414933013
421158261
1088174792
1083088782
69417358
1047157252
1000320277
957349135
965839555
919089942
913359234
906063906
907603267
869265373
866394178
865006338
171179459
656932287
622918124
612517746
582059548
595586313
488645098
588346509
546062832
554188389
541108581
487672072
481906239
468668955
406908551
301760471
238894654
237625404
236879536
230396996
227370499
226451398
222662060
209050948
207507889
206098818
320209024
393209198
356366331
382497241
310875008
318066348
306310751
298122473
285425354
265577662
208912804
237272619
229506794
230785399
219252539
219399116
208914317
209188142
204762218
202141892
202909333
199093990
197695649
195954047
195264030
195500522
194766906
192387083
191844009
184813481
190350611
189924891
187256747
184300074
180040020
180366703
172431554
165568669
177438183
177461120
713997873
705720858
641122267
604997385
619080218
580803945
569251662
563992297
552226801
534852609
529575260
473997236
509386761
499700639
490540916
487948122
466963713
466588720
459812325
456364991
449195304
444757231
443006889
434285598
432800637
425184564
415626829
423157568
422115050
420744378
402547354
416326467
415258955
414253153
413110235
409945819
409759057
403908621
395155941
395979844
567009433
868809630
880309834
663556007
701350947
669175915
516223462
383596236
139445735
140185501
176179537
216343253
143663274
245970184
441362405
214322051
426004427
416644023
336294239
369814031
224236914
300773899
310918412
316176443
296077890
298991510
298164094
290399953
249133451
281236293
281028404
273517776
271028793
259797336
252744806
255193919
244213456
236784268
237929885
237478784
450734612
306926868
239900959
238191400
235733649
228370276
220026736
208201905
214373546
206041715
206035244
205060367
203465233
202335354
197995224
195613322
195269371
193062464
190446375
185671572
182918368
179971472
179800658
179535014
177642175
170572518
172269424
173918955
169522323
168932617
168213866
167359416
166967088
166600983
163882033
165437134
164486289
164254618
125852845
162759191
338391898
333058779
328030488
325780087
320829326
318219504
287403151
286001371
273459015
263138262
262970038
244007679
240131996
238223458
236398957
236269039
171712176
213237815
210719996
212300066
189600466
172793670
166522897
196425416
176434305
197749257
143891403
138291088
124419533
183614229
173084562
169002904
166374508
151570556
141488986
325223329
1114441633
1098517308
1097911890
1092794631
1062952058
1061703840
1049822830
1046838211
1039283870
1032169191
548036312
619238435
1012861549
1011158640
988678861
988370457
974425375
966934907
944543321
941875914
933914075
904925591
932661651
916998647
910206590
904319798
896428389
892550300
891964417
891053144
889736398
889712500
884329079
882878259
881654341
880462211
878695469
878548169
832468865
504994642
478721815
359919416
138444322
349994857
337798349
197608276
145230289
143448906
141133665
99535244
79374426
418309015
193993590
104796581
2620031
2502456
2314770
2309550
2279846
1844069
1814980
1801739
1776108
1692236
1655088
1632206
1622577
1590780
1573665
1558822
1538956
1511160
1501554
1500410
1474369
1419606
1405121
1387675
1375865
1372738
1353144
1339191
1314260
1314243
1298284
1295002
1289382
1274083
1273927
1270824
1270816
498469736
496739954
487481077
483142549
475966671
471763477
471262574
469589055
466337394
455772748
455308611
453903964
452810538
448064298
443933259
443604885
438912309
434973384
435149888
434914649
431673518
430860130
430404459
429988718
422992054
427918136
427526803
427094917
420226187
419432396
418642531
417672198
416624093
388001128
416469962
417173609
414729441
416018276
415644158
415461562
1044434604
963020087
755968499
729042738
728808034
650423497
701149372
670069956
629053109
572306785
576005623
570545345
564328833
563545149
563474778
562505167
558209324
430189466
552156661
534652773
525491894
497381768
496727910
485894658
485315841
467932824
448766014
442925358
442515572
436151993
432507599
431571075
430361621
430293933
422557158
423218533
418176712
405404934
396724350
387103435
78953148
76815258
76087882
75301150
74647218
74427818
71263324
70998602
70796776
70645342
70438396
70144588
69807534
69511280
68710230
68709620
68356210
68050260
67950598
67807132
66875354
66745354
63156866
61444666
60157890
60135662
59049640
58842816
58644272
57826680
57817500
56273438
55896480
55470986
54899962
49991408
48946612
48499320
48160412
47883830
1116083698
1083533155
1065905564
1062471472
1060322121
1049282180
1047039784
306409992
210786196
195788670
188485343
185682952
165111633
170187910
169376421
168992360
168990350
166089921
165893186
165560212
153372845
153454641
142746776
123915865
140094918
122207215
120778830
115824959
118795968
115395917
115402048
114359825
112048338
108286294
103925570
92631777
100575321
99539964
99006175
98671910
148467488
549836214
544376036
530936344
517985712
462439953
507456866
423018085
417838506
415857164
410413366
403063104
399389060
386784745
383598922
381382041
378406179
376354372
115974028
116724705
137880069
137875758
131865610
113712454
112360760
110827859
110759734
109644161
111787279
110801594
108465129
107710093
106809955
104803282
104823773
103933410
102356617
75349150
58906526
96991757
426968347
427891766
418924306
421607186
419138270
413322755
412993109
411020573
404134593
395514671
403558643
379626663
382149602
381416187
336611991
316808364
977825817
977005557
883138665
715176953
673588882
570631777
454227681
404107956
378808562
377902205
378100279
354714920
329294862
137627234
87250178
86414535
86557166
55786376
55304550
25083945
26054616
26203022
25889805
19791305
20001538
17873668
17640708
17437458
404369790
808060233
864001370
964600056
1054385831
797101912
548349815
1001411666
404938948
382035329
384911612
945855680
901916739
720281560
404659699
408348083
362598429
417561335
536175847
718878563
406056688
529541905
404041613
382410890
706500773
404013306
375350431
404513355
416145943
416409448
523967150
432072522
412608359
403730707
446727306
451773001
524390839
542983287
535399601
526557379
332026728
353994505
661914879
663115790
487580583
556451127
553825577
371668558
382349361
377874630
373884927
364504142
366671186
360719210
354826256
351793769
349679464
348002364
345884499
346432020
344536121
344215544
341445230
339374129
336338957
333315197
332428837
332330724
330964314
330541646
330452556
328964366
327611695
328033215
327503586
712238482
712989118
549310027
439490931
416494152
409714793
406528144
401483552
398688858
391904190
385023027
384204666
381412266
378124433
363441211
362630730
355974280
351313364
345854304
343686551
335936483
324441949
323823807
321353753
315778729
270035715
267073238
266723620
263803299
261225169
252206890
240666553
236649339
237011759
236638222
235617924
230144401
222897221
223480160
222144386
315526829
308832466
304521470
278001576
218123474
200656442
188022872
186038803
186038411
175815114
171962149
157455323
144639930
143859541
133802242
133392123
112012308
85974074
85963324
85963232
636520455
355855358
370166563
359606602
341472116
339759640
327553980
321528074
319100511
307335837
303692929
287278531
283654737
282386012
277807920
272774320
238790043
264414796
197370201
247842686
238672177
236420396
226810290
220329332
217236079
214588463
211415678
210710545
205900807
204609292
201049733
200559494
197187868
196058527
195748534
181476441
176266272
174349840
170652858
169002821
945138880
881499939
881499289
881498826
1101499370
420413789
305875245
411881142
404216944
393446282
393870383
391296550
383486207
380684941
355806447
343694474
327568173
326359958
312708811
302813672
282056647
256465669
236875154
216632991
16017827
64285596
37070958
35733984
34599860
14591701
33139512
32258868
29802868
29402074
27709414
27079440
26846854
26782432
26658864
26222389
26135191
26078661
25861030
25461423
25419058
25417206
25237483
25142048
25026055
24955540
24638497
24232025
23759151
23602079
23563573
23507292
23460824
23424175
23329033
23251066
23230889
23057402
22348420
22036060
722860547
556991097
412118928
388946934
384342106
356662311
335809595
322480236
310435984
302790118
284013566
280865680
279142995
275300023
271028547
264751987
255088961
255428478
251078034
238271709
247912784
240039334
237069202
230266004
225778846
229402859
227129336
225823369
224100697
220977995
217142464
216197794
172190728
201817839
194338167
173623233
144921084
171981549
170839385
170772870
896430303
882642385
871715598
869055940
839643901
624340142
610774514
523534787
469172168
482170210
478675040
456343759
452872431
405787395
402752925
389907045
329000812
378251120
304756275
303550038
344760839
285798474
216123417
237833512
213749101
209070554
172988263
197683540
189158317
193099660
185450073
182207136
138942233
176917915
172614879
172585029
171645119
116500497
114622037
129308903
917216412
13619112
12758043
695078210
103724024
103077713
100762938
64981180
64959830
57754848
87806855
65947606
12980839
55758938
57303148
53718990
48123406
48127734
48135612
48138054
46955978
55964326
92023872
51049738
50125416
49461714
48346230
51390698
51605540
58881256
51296300
51378042
52222918
52283000
52428734
53772170
54649378
58975460
54664774
32113240
117827129
103789987
58287862
97799646
65811674
88097079
86057070
81584862
74918572
74221074
74054956
73809556
73644874
71445596
73091560
72071424
72092576
71986430
70314862
69365050
68078690
64791526
64614320
64850000
64563538
62887344
62693488
62715662
57572900
62693902
62321080
61225162
60967108
59410302
58155240
58091480
57947866
57724508
57704956
57345914
1113793801
550511593
557683829
670018719
717613679
153158801
632548895
584240455
403599527
523428682
468304366
492059140
384851084
384814064
357031320
321747452
322099032
296539645
292832070
290983515
284426122
259157608
276670859
252429909
265327349
262163227
222213375
247339697
239488640
219374472
217534777
214723929
142394929
205143316
202008307
199152986
178675788
177334143
178383418
154860340
208469708
205461481
201281231
200450036
197568889
196403942
195596910
195021042
194786008
191775348
185402022
184088965
182521143
178100598
173942607
174663153
172218669
171794464
170879163
170987200
170714498
170588319
170468745
170059259
168778402
168806754
168067969
167772770
166499580
165703633
165933291
165578125
164058895
163222054
162721235
162548960
160927915
159634483
159635217
159464318
858108986
726168888
717050870
809562523
738995436
641887245
771931719
543125572
722748867
722435144
714554959
261325125
622487602
542996754
518656148
396047126
510995152
320485242
476503701
411074866
465586708
463861636
455840708
450392504
420483737
442785817
437904483
430299899
427443923
416742167
416261399
416180986
415866571
414316812
413550388
409577068
409277820
408805580
408111341
407782497
196227600
396761018
224899509
396747254
302800889
185406119
173878025
173878382
168728582
166583495
163395145
162458293
162062611
161625456
161611122
148511798
138809757
54779464
118476797
118332599
100965521
54792180
53190280
26022325
26381045
18284398
18305454
408121589
358634008
326377546
299442633
269080239
226357204
202510579
194191813
192728677
182814624
174355491
164621233
163868721
163190448
162351206
162158334
564631684
621821436
321366212
203267226
298776707
240919793
240626419
239497665
196229215
238716368
227409722
213507689
210614694
204193186
170593037
190569935
199134770
200109838
192489175
178745353
187413755
177432309
171090261
170067068
170109615
168555436
166633173
167843733
167334554
159476883
160006766
155456638
152321273
149778565
139018159
137990962
145354625
138037843
130605514
135781055
41498510
48129866
41177866
46109374
44536640
43803118
29412294
40125460
29408318
29421088
25648509
26380795
25279840
25939919
24405905
24500636
24286952
23562028
24189713
23646836
23264473
20029750
20033184
19685523
167738157
167733718
167219636
167732298
167591854
167590849
167383796
167358746
167043107
167051095
167051094
167036596
167031224
106960075
357151763
567737870
538546818
500740135
440580744
416845425
404349977
391386137
370047531
359379155
355712158
331110993
323777574
321324785
313744605
306846146
289845808
285730673
269844953
261164536
253955810
248761116
245123927
242367974
238144347
236100967
230073978
227236867
224432326
215695286
213518080
210544510
208527646
205022866
202071501
196947161
195334066
194160087
186483205
943425259
863650864
730464852
638539614
586358506
554714053
529027915
497574187
501871201
494858714
491692755
481269769
481004938
476071365
473120329
466568500
460874020
453138919
442472742
441330826
437699055
436536642
427493323
421564903
425600687
416909423
421368035
418434610
408780707
407502586
392310840
391798623
391501803
386571842
388949609
387949225
386868626
386673707
386039422
385779677
358939305
230180411
105811982
92713646
46115748
32179010
29952388
29808992
27679472
26862411
26648975
23920701
23348782
22566700
21440351
22050527
21462605
21071566
20912453
20818973
20452985
19962097
19770146
19643382
19281393
18912400
10366032
2731247
3103703
3028531
2983229
2962255
2948722
2931040
2904800
2843204
2829545
2799284
2792266
2762711
407714374
331159528
322475137
322096230
321866226
318265674
321006954
311975121
311277019
316765055
308240692
307634540
276670735
299651760
299645209
282242415
236014417
213389470
191272031
134658772
174358185
172173761
138552881
127654807
117926689
104765026
119961209
120001186
116291027
102075619
103777850
97663280
63850608
80209136
75539018
71447764
70058680
66557484
52870306
48849836
578512341
572554603
564382065
559455843
558326564
488164695
536236136
548400509
540995410
524695314
520190390
499196326
362676127
497695121
493907235
495650049
486534670
492170171
486669942
477852154
487725404
481076409
481282905
476153832
477508086
475091203
474637746
470922462
469515246
469466094
468443709
468225561
468089637
467833097
467763817
467582527
467328011
467275967
466254581
466691062
440075542
671436049
596231700
443767427
432080643
425188602
421495621
418518569
415934940
417322646
396758533
406739724
407018644
406143548
404940060
405557881
402980379
402521703
401255085
400954447
397988821
398537947
396825381
987321738
923337186
882654497
651111834
649081274
557628208
544211231
528034393
507984506
504364933
490416155
459737643
443003920
448163485
422007966
422900237
418168188
414311183
408310315
396219744
384874430
270882647
321002989
317223490
235265996
185865041
183431337
145306324
699937350
435209240
507470647
503948936
449938688
416845184
426720119
425003289
421230744
417057475
417045264
416457125
413894262
245187140
408022836
404666731
401812022
343415924
391322874
394716092
374526228
389185454
388330464
382210334
382765142
378390456
329087633
370411484
374468222
371486186
370255958
356464352
269010290
361085162
323974822
349729399
349650664
350903290
355820005
336904316
65101190
817542
664746
646849
637579
576015
547658
487154
418587
385779
347026
274404
252900
238978
219103
205713
193216
1047463952
762237743
622325833
415017188
598094369
659279230
632169137
628880002
609782989
602763882
548799813
592563341
564696007
543567840
536868734
523697503
501755355
476067520
468461083
461735164
437465406
429685619
424511068
419503825
418511331
416384234
413829580
409104834
384689222
377018317
400705185
396213135
399123680
390908055
393198385
382414010
373227981
366631271
326825413
358910525
80322642
117240994
142387428
118314673
42854414
54669314
26693568
54528188
37855090
26650303
25052426
24826710
24224743
24187237
20848557
19704110
18298726
16511478
17677808
17445617
16122721
15956535
13854078
11574871
10126059
10817337
10607750
10157083
10451312
10094536
10117665
3258859
10074814
3055390
3026279
3017359
3015414
3014193
2971062
2948727
1024067614
1001093732
984806108
984070904
840355964
838510835
581874501
424952415
416242123
271028011
242987085
101404957
20975120
19132099
14871811
12978321
12295225
2976669
2900935
2852574
2848931
2465465
2424292
2399118
2375205
2330280
2175475
216253836
208223195
178638229
169903384
166758191
132783770
148382670
146103675
144746569
142439194
141286992
139000352
131527211
129745726
118764085
122684425
119701728
118074323
117337884
117514780
98613733
116966954
113616534
108898966
103088496
98012016
97760077
94465710
93508572
89960462
89228120
87852881
84739210
86078514
85029272
84288118
83062300
80165230
80295120
80141928
455850537
418428705
418686149
410406096
405937465
402640576
398518676
400816013
400618179
399256715
396349283
395527850
394630813
394090311
393857242
393080039
391889842
391725537
389880663
388673818
388278381
17864586
10097751
3224823
2801565
1040203
944205
841548
841546
436026627
550147415
464822001
412766047
406963457
417582904
